n,k
0     0.0
1     0.021
2    -0.30252982142510
3    -0.19413374466744
4    -0.13232011156270
5    -1.0367909816775D-01
6    -8.9497417870591D-02
7    -8.1354654645797D-02
8    -7.5926033358007D-02
9    -7.1873503233373D-02
10   -6.8618555740821D-02
11   -6.5882299566456D-02
12   -6.3511848720093D-02
13   -6.1412900063622D-02
14   -5.9522054212945D-02
15   -5.7794355476601D-02
16   -5.6196949962888D-02
17   -5.4705420832743D-02
18   -5.3301441302463D-02
19   -5.1971164353756D-02
20   -5.0704071384917D-02
21   -4.9492129335240D-02
22   -4.8329165258154D-02
23   -4.7210398653194D-02
24   -4.6132090293221D-02
25   -4.5091278055365D-02
26   -4.4085578209763D-02
27   -4.3113036186559D-02
28   -4.2172014842020D-02
29   -4.1261111166778D-02
30   -4.0379094553566D-02
31   -3.9524861374897D-02
32   -3.8697401852801D-02
33   -3.7895776154970D-02
34   -3.7119097367896D-02
35   -3.6366519560332D-02
36   -3.5637229579375D-02
37   -3.4930441549540D-02
38   -3.4245393302804D-02
39   -3.3581344165533D-02
40   -3.2937573669332D-02
41   -3.2313380879419D-02
42   -3.1708084108422D-02
43   -3.1121020856246D-02
44   -3.0551547864441D-02
45   -2.9999041206777D-02
46   -2.9462896366084D-02
47   -2.8942528266341D-02
48   -2.8437371243439D-02
49   -2.7946878945822D-02
50   -2.7470524163820D-02
51   -2.7007798593548D-02
52   -2.6558212533623D-02
53   -2.6121294533194D-02
54   -2.5696590987031D-02
55   -2.5283665693498D-02
56   -2.4882099384615D-02
57   -2.4491489222546D-02
58   -2.4111448289186D-02
59   -2.3741605055367D-02
60   -2.3381602846450D-02
61   -2.3031099308479D-02
62   -2.2689765868725D-02
63   -2.2357287209786D-02
64   -2.2033360742704D-02